0 0.098720 0.317308 0.119429 0.092949
0 0.189038 0.354167 0.094050 0.076923
0 0.198741 0.519231 0.089572 0.086538
0 0.263680 0.453526 0.070164 0.076923
0 0.339816 0.448718 0.097036 0.060897
0 0.377138 0.270833 0.103007 0.076923
0 0.489849 0.303686 0.086586 0.088141
0 0.433120 0.194712 0.068671 0.065705
0 0.562999 0.035256 0.077629 0.060897
0 0.171870 0.852564 0.071657 0.076923
0 0.283088 0.811699 0.079121 0.075321
0 0.360716 0.860577 0.076136 0.080128
0 0.230838 0.834135 0.070164 0.081731
0 0.241288 0.938301 0.070164 0.065705
0 0.386841 0.155449 0.059714 0.054487