0 0.024603 0.028379 0.024585 0.039396
0 0.059295 0.067775 0.027316 0.031384
0 0.032252 0.118189 0.023492 0.026709
0 0.048915 0.082131 0.026224 0.029380
0 0.074046 0.088809 0.022946 0.032051
0 0.046729 0.155248 0.025131 0.032719
0 0.131683 0.085136 0.023492 0.027377
0 0.279192 0.133881 0.028955 0.036725
0 0.275641 0.166266 0.031687 0.032051
0 0.016954 0.209669 0.028955 0.029380
0 0.119391 0.266426 0.026224 0.025374
0 0.118298 0.289129 0.029502 0.021368
0 0.185224 0.276776 0.026770 0.028713
0 0.202433 0.334869 0.022946 0.028713
0 0.218550 0.352898 0.024585 0.027377
0 0.399931 0.661725 0.032233 0.034722
0 0.264168 0.467748 0.025131 0.031384
0 0.248051 0.424346 0.022399 0.028713
0 0.424789 0.561899 0.026224 0.028713
0 0.488054 0.779447 0.031687 0.039396
0 0.622450 0.854901 0.031687 0.032719
0 0.771871 0.897970 0.030048 0.033387
0 0.554433 0.724359 0.035511 0.038729
0 0.474395 0.647236 0.026224 0.027377
0 0.599231 0.170272 0.035511 0.038729
0 0.625728 0.089476 0.030594 0.036058
0 0.658508 0.031050 0.033872 0.034054
0 0.666430 0.061765 0.020214 0.022035
0 0.691834 0.049746 0.029502 0.039396
0 0.660967 0.115184 0.025677 0.027377
0 0.666157 0.134549 0.019668 0.028713
0 0.700849 0.132212 0.026770 0.036058
0 0.711229 0.226362 0.038789 0.044071
0 0.627367 0.279781 0.033872 0.034722
0 0.495702 0.247730 0.033872 0.029380
0 0.694020 0.346554 0.032780 0.040064
0 0.537496 0.599626 0.023492 0.033387
0 0.520014 0.602965 0.027863 0.029380
0 0.535038 0.557559 0.025131 0.024038
0 0.527389 0.537527 0.021853 0.022703
0 0.557711 0.522837 0.033326 0.029380
0 0.564813 0.441373 0.024585 0.022703
0 0.587212 0.451389 0.025677 0.028045
0 0.615075 0.527177 0.030048 0.028713
0 0.562901 0.647703 0.030594 0.030716
0 0.581203 0.692441 0.028955 0.032051
0 0.607973 0.688435 0.033326 0.036058
0 0.651952 0.678419 0.027316 0.030716
0 0.637201 0.653045 0.026224 0.032051
0 0.665337 0.602297 0.027863 0.037393
0 0.659601 0.569912 0.036058 0.036725
0 0.650860 0.508480 0.030594 0.031384
0 0.655777 0.540865 0.028409 0.022703
0 0.674898 0.507479 0.026224 0.030716
0 0.692381 0.492121 0.022946 0.026709
0 0.632831 0.386285 0.029502 0.032719
0 0.645943 0.389290 0.022946 0.029380
0 0.622997 0.413662 0.025131 0.026042
0 0.721609 0.477764 0.033326 0.040732
0 0.791539 0.413328 0.027863 0.038729
0 0.784164 0.505142 0.021853 0.027377
0 0.728438 0.584602 0.032780 0.035390
0 0.734721 0.653713 0.037697 0.038729
0 0.717512 0.687767 0.033872 0.034722
0 0.829509 0.888288 0.033872 0.039396
0 0.782252 0.748731 0.038789 0.047409
0 0.766135 0.704661 0.038243 0.047409
0 0.827051 0.708667 0.038789 0.043403
0 0.806290 0.681958 0.035511 0.039396
0 0.767774 0.672276 0.033872 0.030716
0 0.758759 0.631878 0.028955 0.035390
0 0.776492 0.022488 0.038490 0.038772
0 0.767609 0.105201 0.038490 0.048077
0 0.790238 0.097705 0.032991 0.039289
0 0.838033 0.104684 0.038067 0.037738
0 0.808425 0.130273 0.037221 0.038255
0 0.841840 0.216863 0.035529 0.047043
0 0.739694 0.226944 0.030876 0.031017
0 0.735041 0.196443 0.035106 0.036187
0 0.827036 0.261063 0.035529 0.044458
0 0.862776 0.279156 0.031722 0.032051
0 0.850087 0.290529 0.036798 0.044458
0 0.787700 0.165943 0.043988 0.057899
0 0.835072 0.337314 0.037221 0.041873
0 0.814770 0.305780 0.030453 0.051179
0 0.839725 0.378929 0.032145 0.041356
0 0.803773 0.366263 0.038067 0.044975
0 0.831688 0.440964 0.032991 0.042390
0 0.854317 0.470430 0.031722 0.051696
0 0.912052 0.396247 0.030453 0.037738
0 0.928759 0.437603 0.035952 0.033602
0 0.937218 0.417701 0.029185 0.026882
0 0.853471 0.551592 0.033414 0.039289
0 0.939121 0.513596 0.035529 0.057382
0 0.881810 0.502481 0.036798 0.035153
0 0.907611 0.696857 0.040182 0.043424
0 0.877369 0.690136 0.030453 0.051696
0 0.901901 0.730718 0.042296 0.033602
0 0.975496 0.685225 0.037221 0.046009
0 0.824498 0.660670 0.035529 0.040323
0 0.847127 0.808519 0.033414 0.046526
0 0.870601 0.773883 0.037221 0.036187
0 0.871447 0.806710 0.032145 0.046009
0 0.905284 0.821185 0.035529 0.041873
0 0.854952 0.846516 0.041450 0.039806
0 0.863411 0.952543 0.029607 0.037221
0 0.845646 0.914289 0.023686 0.026882
0 0.879060 0.978650 0.027916 0.038772