0 0.037662 0.032853 0.050936 0.043269
0 0.159430 0.024439 0.033426 0.036058
0 0.134758 0.088942 0.039793 0.035256
0 0.165797 0.110577 0.050936 0.043269
0 0.166195 0.160256 0.040589 0.041667
0 0.202009 0.153045 0.037406 0.038462
0 0.170572 0.316106 0.038202 0.034455
0 0.340092 0.179487 0.042977 0.036859
0 0.347653 0.115385 0.035814 0.041667
0 0.350439 0.025240 0.041385 0.031250
0 0.410527 0.136619 0.040589 0.034455
0 0.449524 0.154247 0.035814 0.039263
0 0.412516 0.174279 0.035018 0.037660
0 0.443157 0.252804 0.045364 0.042468
0 0.477777 0.278846 0.047752 0.038462
0 0.392620 0.310497 0.042977 0.053686
0 0.270852 0.360978 0.041385 0.042468
0 0.232252 0.370192 0.042181 0.043269
0 0.151472 0.456330 0.044569 0.032853
0 0.104117 0.470353 0.032631 0.041667
0 0.214345 0.573718 0.041385 0.040064
0 0.116851 0.659856 0.035814 0.031250
0 0.232650 0.704728 0.038202 0.036058
0 0.256924 0.675881 0.037406 0.039263
0 0.323777 0.658253 0.034222 0.045673
0 0.367948 0.670673 0.049344 0.038462
0 0.340490 0.578926 0.048548 0.037660
0 0.412118 0.551683 0.046956 0.047276
0 0.369539 0.475962 0.046160 0.038462
0 0.454299 0.539663 0.045364 0.045673
0 0.380682 0.750401 0.050936 0.037660
0 0.157043 0.856170 0.042977 0.042468
0 0.156247 0.899840 0.041385 0.036859
0 0.176939 0.962340 0.050936 0.044872
0 0.320196 0.931090 0.049344 0.044872
0 0.390232 0.798077 0.044569 0.044872
0 0.467431 0.873397 0.049344 0.046474
0 0.426842 0.850160 0.047752 0.038462
0 0.616656 0.588942 0.064465 0.048077
0 0.411720 0.436298 0.044569 0.034455
0 0.376702 0.418269 0.039793 0.046474
0 0.804640 0.540865 0.048548 0.048077
0 0.703963 0.479968 0.036610 0.035256
0 0.573839 0.284295 0.038998 0.033654
0 0.526485 0.247837 0.049344 0.044071
0 0.610051 0.247837 0.042977 0.036058
0 0.629549 0.199359 0.040589 0.040064
0 0.519560 0.105769 0.035814 0.032051
0 0.552191 0.129006 0.032631 0.038462
0 0.514785 0.167067 0.040589 0.042468
0 0.771055 0.202324 0.054915 0.055288
0 0.816419 0.263221 0.038998 0.032853
0 0.800104 0.287660 0.035018 0.028846
0 0.734047 0.294872 0.035018 0.030449
0 0.887649 0.061298 0.046160 0.040865
0 0.934606 0.227965 0.042977 0.037660
0 0.942166 0.165865 0.040589 0.033654
0 0.910332 0.173077 0.035814 0.036859
0 0.696243 0.564103 0.043773 0.046474
0 0.693856 0.649038 0.046956 0.044872
0 0.763494 0.705929 0.046160 0.051282
0 0.828755 0.766026 0.065261 0.051282
0 0.918688 0.739984 0.057302 0.048878
0 0.949329 0.772837 0.053323 0.044071
0 0.900781 0.594952 0.046956 0.045673
0 0.654460 0.936699 0.050936 0.049679
0 0.688285 0.947917 0.035814 0.041667
0 0.528713 0.824119 0.047752 0.044071
0 0.583230 0.865785 0.043773 0.037660
0 0.436392 0.732372 0.047752 0.040064
0 0.480563 0.708734 0.040589 0.040865
0 0.485338 0.620994 0.050140 0.052885
0 0.600739 0.679888 0.048548 0.042468
0 0.197093 0.423878 0.039793 0.043269
0 0.220255 0.444818 0.038202 0.038996