0 0.086985 0.157051 0.050916 0.038462
0 0.060778 0.174679 0.052413 0.057692
0 0.212027 0.112179 0.064393 0.070513
0 0.271928 0.118590 0.064393 0.073718
0 0.286154 0.024840 0.068886 0.049679
0 0.172343 0.209135 0.071881 0.081731
0 0.113940 0.508013 0.089851 0.076923
0 0.031758 0.489710 0.054778 0.062416
0 0.049885 0.542215 0.071329 0.057777
0 0.037866 0.695513 0.074088 0.078441
0 0.095402 0.743168 0.076452 0.076754
0 0.044171 0.772900 0.055172 0.060307
0 0.027012 0.845015 0.054023 0.068742
0 0.233365 0.325152 0.059901 0.063259
0 0.302724 0.328947 0.072511 0.072537
0 0.257010 0.417510 0.069359 0.064103
0 0.407550 0.324730 0.059901 0.064103
0 0.444988 0.334008 0.044926 0.062416
0 0.408338 0.239541 0.050443 0.043860
0 0.359472 0.096154 0.053595 0.055668
0 0.436318 0.102901 0.063842 0.086032
0 0.483057 0.059885 0.059901 0.077598
0 0.544928 0.142544 0.040197 0.065789
0 0.619015 0.175439 0.060689 0.065789
0 0.691921 0.145918 0.061477 0.060729
0 0.748275 0.157726 0.055960 0.059042
0 0.699803 0.047233 0.063053 0.059042
0 0.703113 0.271592 0.059901 0.065789
0 0.688532 0.191464 0.051231 0.038799
0 0.920647 0.422149 0.059901 0.063259
0 0.939563 0.452513 0.044137 0.070007
0 0.866264 0.423836 0.056748 0.075067
0 0.616020 0.366903 0.066994 0.064103
0 0.293896 0.550354 0.058324 0.064946
0 0.600651 0.556258 0.053595 0.048077
0 0.694837 0.478239 0.044926 0.050607
0 0.441047 0.484143 0.040197 0.042173
0 0.614444 0.689524 0.057536 0.068320
0 0.657005 0.842443 0.073300 0.079285
0 0.619173 0.875337 0.081181 0.087719
0 0.697596 0.906545 0.080393 0.086032
0 0.759861 0.898532 0.070935 0.071694
0 0.870204 0.702429 0.064630 0.067476
0 0.898972 0.644231 0.062265 0.062416
0 0.941534 0.691464 0.049655 0.064103
0 0.533994 0.882212 0.079368 0.078526
0 0.545225 0.955929 0.065891 0.065705
0 0.480083 0.866186 0.055408 0.052885
0 0.697972 0.705128 0.053911 0.064103
0 0.635076 0.603365 0.053911 0.049679
0 0.647511 0.560752 0.042657 0.045163
0 0.428020 0.774944 0.039717 0.047380
0 0.443647 0.796892 0.034508 0.038322