0 0.038941 0.262821 0.048570 0.035256
0 0.145976 0.381410 0.043174 0.035256
0 0.209063 0.442408 0.047221 0.035056
0 0.208501 0.504507 0.037102 0.033053
0 0.330489 0.469451 0.038227 0.029046
0 0.406918 0.465618 0.038431 0.037879
0 0.446167 0.469260 0.038431 0.034965
0 0.470697 0.519886 0.035160 0.026952
0 0.466200 0.497305 0.031072 0.025495
0 0.502178 0.522072 0.034343 0.028409
0 0.521802 0.441943 0.045790 0.032780
0 0.586808 0.444129 0.041702 0.037150
0 0.491139 0.819639 0.041702 0.036422
0 0.476421 0.755536 0.038431 0.033508
0 0.484189 0.633523 0.040884 0.032780
0 0.483780 0.672130 0.030254 0.025495
0 0.448211 0.640079 0.029437 0.028409
0 0.414277 0.548660 0.026984 0.021853
0 0.403647 0.536276 0.025348 0.023310
0 0.433493 0.569784 0.026166 0.027681
0 0.414277 0.578161 0.026984 0.022582
0 0.636360 0.304123 0.041702 0.031323
0 0.590979 0.295017 0.039249 0.027681
0 0.588934 0.348922 0.040067 0.033508
0 0.622786 0.923660 0.031890 0.032051
0 0.657538 0.918196 0.035978 0.029866
0 0.715663 0.711580 0.037823 0.026709