0 0.533659 0.076224 0.013345 0.012587
0 0.290485 0.093007 0.022242 0.020979
0 0.149621 0.158741 0.022242 0.026573
0 0.610763 0.418881 0.007414 0.020979
0 0.756816 0.746154 0.014828 0.018182
0 0.830213 0.462238 0.031138 0.026573
0 0.692315 0.348951 0.028173 0.023776
0 0.939196 0.111189 0.023724 0.034965
0 0.299950 0.270130 0.023301 0.023976
0 0.347611 0.152747 0.012709 0.018981
0 0.132609 0.026474 0.025419 0.016983
0 0.106131 0.233267 0.016946 0.018981
0 0.554139 0.127373 0.008473 0.014985
0 0.532957 0.028472 0.012709 0.016983
0 0.624571 0.020979 0.020123 0.027972
0 0.572966 0.255862 0.013083 0.019745
0 0.585177 0.383381 0.014828 0.014809
0 0.624863 0.091732 0.019189 0.018922
0 0.616577 0.278486 0.011339 0.013986
0 0.586485 0.297820 0.019189 0.014809
0 0.436900 0.314274 0.011339 0.011518
0 0.245448 0.346360 0.020933 0.019745
0 0.302578 0.547511 0.021805 0.015631
0 0.428614 0.420814 0.010467 0.013986
0 0.448239 0.399835 0.007850 0.009872
0 0.325256 0.343891 0.013083 0.014809
0 0.278156 0.331551 0.016572 0.014809
0 0.273359 0.112299 0.020933 0.017277
0 0.579943 0.045249 0.014828 0.013163
0 0.661932 0.729741 0.018317 0.019745
0 0.542438 0.728507 0.020061 0.022213
0 0.620501 0.869601 0.031400 0.023036
0 0.505369 0.833813 0.017444 0.018922
0 0.258095 0.827643 0.018317 0.014809
0 0.148632 0.785685 0.012211 0.011518
0 0.267689 0.691074 0.016572 0.018100
0 0.309120 0.598519 0.013955 0.018922
0 0.209687 0.596462 0.019189 0.016454
0 0.157790 0.570547 0.020061 0.017277