0 0.427990 0.271759 0.045532 0.047337
0 0.734131 0.186229 0.017973 0.024744
0 0.665234 0.200753 0.014378 0.021517
0 0.658045 0.297041 0.028757 0.026896
0 0.619104 0.304034 0.027559 0.030124
0 0.830586 0.291662 0.033550 0.029048
0 0.892893 0.248628 0.028757 0.029048
0 0.967182 0.301345 0.026360 0.033351
0 0.848560 0.404626 0.023964 0.033351
0 0.798834 0.468101 0.015577 0.022593
0 0.617306 0.424529 0.033550 0.030124
0 0.522049 0.375578 0.020369 0.026896
0 0.489099 0.393330 0.019171 0.027972
0 0.317756 0.353523 0.019171 0.027972
0 0.107471 0.349758 0.027559 0.031200
0 0.047561 0.298655 0.034748 0.027972
0 0.022998 0.135126 0.023964 0.019365
0 0.075719 0.151802 0.023964 0.024744
0 0.039773 0.377192 0.028757 0.030124
0 0.183557 0.404626 0.016775 0.026896
0 0.153003 0.425067 0.022766 0.031200
0 0.214710 0.592899 0.028757 0.039806
0 0.122449 0.659602 0.026360 0.033351
0 0.076318 0.687036 0.039541 0.040882
0 0.074520 0.567079 0.031153 0.033351
0 0.122449 0.512211 0.016775 0.022593
0 0.023597 0.532652 0.025162 0.037655
0 0.598135 0.516514 0.028757 0.048413
0 0.740122 0.346530 0.041937 0.029048
0 0.717955 0.230339 0.019171 0.018289
0 0.698185 0.264228 0.015577 0.023669
0 0.891695 0.428833 0.033550 0.030124
0 0.735329 0.548252 0.010784 0.023669
0 0.658045 0.677353 0.023964 0.023669
0 0.935429 0.616030 0.022766 0.025820
0 0.941420 0.474556 0.029955 0.029048
0 0.767641 0.558989 0.020291 0.023712
0 0.563986 0.461108 0.025162 0.015062
0 0.431585 0.620871 0.021568 0.037655
0 0.404026 0.574610 0.028757 0.033351
0 0.361490 0.584831 0.022766 0.023669
0 0.329738 0.511673 0.019171 0.025820
0 0.274021 0.505218 0.027559 0.015062
0 0.214111 0.475632 0.027559 0.031200
0 0.315958 0.692953 0.046730 0.035503
0 0.293193 0.645616 0.039541 0.026896
0 0.200332 0.635933 0.026360 0.024744
0 0.179962 0.599354 0.035946 0.033351
0 0.142219 0.632168 0.020369 0.021517
0 0.084106 0.644002 0.016775 0.030124
0 0.084705 0.375578 0.015577 0.024744
0 0.321949 0.915654 0.037144 0.031200
0 0.256647 0.842496 0.026360 0.029048
0 0.108669 0.894137 0.032351 0.020441
0 0.072723 0.852717 0.027559 0.017214
0 0.496887 0.704250 0.034748 0.021517
0 0.619703 0.724691 0.016775 0.025820
0 0.776068 0.719849 0.027559 0.026896
0 0.589149 0.796772 0.025162 0.025820
0 0.445963 0.781711 0.031153 0.012910
0 0.387251 0.666595 0.023964 0.025820
0 0.593342 0.876385 0.014378 0.021517
0 0.667032 0.551479 0.020369 0.023669
0 0.812613 0.526197 0.016775 0.018289
0 0.837177 0.451426 0.025162 0.036579
0 0.776068 0.322324 0.022766 0.019365
0 0.777866 0.288973 0.019171 0.025820
0 0.835379 0.549328 0.028757 0.027972
0 0.665635 0.596084 0.020769 0.021445
0 0.640712 0.578368 0.020769 0.023310
0 0.596578 0.659021 0.030115 0.022378
0 0.742999 0.683730 0.023884 0.025175
0 0.815690 0.643170 0.015577 0.018648
0 0.710549 0.559829 0.016442 0.022533
0 0.698433 0.514763 0.026826 0.024087
0 0.730452 0.524864 0.012981 0.017871
0 0.296470 0.540793 0.010384 0.012432
0 0.264884 0.560606 0.023365 0.016317
0 0.233731 0.510490 0.021634 0.020202