0 0.338560 0.232372 0.179662 0.205128
0 0.170448 0.190705 0.076998 0.086538
0 0.809533 0.498397 0.038499 0.057692
0 0.851240 0.508013 0.047482 0.051282
0 0.937221 0.443109 0.052615 0.052885
0 0.926955 0.357372 0.042349 0.057692
0 0.887814 0.702724 0.105231 0.129808
0 0.953263 0.707532 0.079565 0.094551
0 0.771034 0.739583 0.053899 0.052885
0 0.550305 0.512019 0.084698 0.072115
0 0.368076 0.785256 0.079565 0.080128
0 0.099224 0.689904 0.039782 0.046474
0 0.496407 0.954327 0.043632 0.049679
0 0.445075 0.814904 0.038499 0.043269