0 0.491860 0.249126 0.016062 0.029720
0 0.473121 0.333479 0.016827 0.030594
0 0.532015 0.289336 0.021416 0.029720
0 0.473503 0.260927 0.016062 0.025350
0 0.420345 0.472028 0.021416 0.029720
0 0.513276 0.468969 0.031359 0.034091
0 0.595498 0.364510 0.018357 0.024476
0 0.666630 0.304633 0.026005 0.027098
0 0.799333 0.287587 0.019122 0.029720
0 0.775240 0.329108 0.022946 0.037587
0 0.716729 0.488199 0.025240 0.028846
0 0.774858 0.416958 0.017592 0.024476
0 0.813483 0.431818 0.019886 0.029720
0 0.831075 0.394231 0.021416 0.027972
0 0.634506 0.473339 0.024476 0.025350
0 0.670837 0.341783 0.014532 0.020979
0 0.699137 0.407780 0.014532 0.025350
0 0.503715 0.223776 0.019886 0.019231
0 0.312882 0.558566 0.022181 0.020979
0 0.266226 0.580420 0.020651 0.034965
0 0.265844 0.489948 0.018357 0.027098
0 0.345771 0.572115 0.014532 0.020105
0 0.331622 0.597465 0.012238 0.014860
0 0.431053 0.611888 0.018357 0.019231
0 0.660129 0.555944 0.017592 0.022727
0 0.553813 0.428322 0.016062 0.022727
0 0.741969 0.501748 0.011473 0.026224
0 0.750765 0.813374 0.042832 0.046329
0 0.382485 0.810752 0.037478 0.030594
0 0.406195 0.682692 0.019122 0.024476
0 0.396252 0.786713 0.020651 0.017483
0 0.550754 0.719406 0.029830 0.020979
0 0.564904 0.649038 0.019886 0.018357
0 0.470061 0.509178 0.013767 0.027098
0 0.429141 0.550262 0.023711 0.030594
0 0.564139 0.832867 0.042832 0.040210
0 0.475798 0.874825 0.039008 0.036713
0 0.339270 0.915472 0.044362 0.037587
0 0.240221 0.901923 0.042067 0.034965