0 0.420230 0.159455 0.098558 0.100962
0 0.382501 0.231571 0.069298 0.072115
0 0.591936 0.161058 0.087778 0.075321
0 0.418690 0.432692 0.073918 0.064103
0 0.342462 0.464744 0.063139 0.060897
0 0.513398 0.588141 0.115497 0.089744
0 0.457189 0.697115 0.098558 0.073718
0 0.161516 0.531250 0.086238 0.081731
0 0.090678 0.598558 0.092398 0.065705
0 0.131487 0.838141 0.066218 0.057692
0 0.559597 0.302885 0.047739 0.054487
0 0.465659 0.334936 0.053899 0.051282
0 0.755172 0.322917 0.069298 0.065705
0 0.949207 0.206731 0.060059 0.089744
0 0.953057 0.298077 0.080078 0.060897