0 0.338396 0.369391 0.054988 0.049679
0 0.760735 0.068910 0.093174 0.099359
0 0.666033 0.132212 0.099284 0.081731
0 0.572859 0.177083 0.077900 0.075321
0 0.533909 0.293269 0.054988 0.057692
0 0.106225 0.824519 0.073317 0.072115
0 0.174196 0.844551 0.065680 0.057692
0 0.084077 0.874199 0.062625 0.040064
0 0.462119 0.599359 0.061098 0.057692
0 0.585558 0.368323 0.044975 0.047187
0 0.647080 0.358084 0.033943 0.039174
0 0.655990 0.536147 0.029700 0.024929
0 0.749041 0.808036 0.067644 0.058379
0 0.972454 0.325988 0.055092 0.068109