0 0.178392 0.348252 0.022028 0.027972
0 0.363182 0.270629 0.029371 0.051748
0 0.530227 0.309790 0.035490 0.046154
0 0.467203 0.185315 0.019580 0.026573
0 0.475157 0.114685 0.025699 0.030769
0 0.441503 0.118881 0.029371 0.033566
0 0.717465 0.513986 0.020804 0.032168
0 0.650769 0.518881 0.031818 0.044755
0 0.607937 0.597203 0.058741 0.047552
0 0.242028 0.564336 0.026923 0.020979
0 0.199808 0.451748 0.028147 0.033566
0 0.156976 0.738462 0.079545 0.106294
0 0.453741 0.464336 0.029371 0.036364
0 0.961836 0.718182 0.076328 0.107692
0 0.830664 0.654545 0.039161 0.055944
0 0.915105 0.510490 0.044056 0.039161
0 0.972850 0.415385 0.054300 0.067133
0 0.538182 0.779021 0.034266 0.041958
0 0.299545 0.942657 0.053846 0.050350
0 0.185122 0.937063 0.050175 0.064336
0 0.240192 0.792308 0.037937 0.051748
0 0.543689 0.558741 0.020804 0.026573
0 0.592028 0.396503 0.019580 0.020979
0 0.542465 0.439860 0.023252 0.023776
0 0.346661 0.764336 0.015909 0.023776
0 0.109860 0.232168 0.034266 0.036364
0 0.177168 0.284615 0.029371 0.026573