0 0.544881 0.062372 0.091667 0.111275
0 0.181786 0.037459 0.065476 0.071416
0 0.128810 0.061541 0.047619 0.059790
0 0.297857 0.190256 0.042857 0.051486
0 0.604405 0.290736 0.067857 0.089685
0 0.571071 0.343052 0.063095 0.064772
0 0.624048 0.451836 0.047619 0.059790
0 0.616310 0.754107 0.046429 0.046503
0 0.924048 0.321461 0.038095 0.068094
0 0.891905 0.414467 0.054762 0.074737
0 0.943095 0.883651 0.071429 0.099650
0 0.416905 0.951745 0.052381 0.049825
0 0.461548 0.963371 0.039286 0.046503
0 0.224048 0.916868 0.054762 0.053146