0 0.150824 0.226763 0.079888 0.062500
0 0.353872 0.278846 0.059916 0.048077
0 0.685905 0.332532 0.114839 0.094551
0 0.834030 0.378205 0.068237 0.057692
0 0.904764 0.398237 0.073230 0.075321
0 0.571067 0.495994 0.074895 0.072115
0 0.502829 0.524038 0.064909 0.057692
0 0.436256 0.541667 0.071566 0.060897
0 0.138342 0.644231 0.051594 0.048077
0 0.061783 0.530449 0.054923 0.041667
0 0.174125 0.762821 0.053258 0.054487
0 0.128356 0.772436 0.051594 0.041667
0 0.474536 0.609776 0.054923 0.046474
0 0.427102 0.628205 0.049930 0.035256
0 0.364690 0.884615 0.064909 0.064103
0 0.824044 0.701923 0.064909 0.054487
0 0.586650 0.556849 0.037666 0.038799
0 0.580081 0.662281 0.042046 0.045547
0 0.652347 0.658907 0.027155 0.038799