0 0.605826 0.880609 0.175186 0.142628
0 0.791738 0.721154 0.214513 0.150641
0 0.217915 0.473558 0.078655 0.072115
0 0.296745 0.538627 0.057327 0.060234
0 0.336196 0.572613 0.067189 0.057471
0 0.296437 0.606322 0.057943 0.051945
0 0.353147 0.531443 0.043149 0.042551
0 0.165246 0.104667 0.062566 0.075120
0 0.292054 0.125701 0.074856 0.065104
0 0.198205 0.149239 0.068153 0.062099
0 0.261330 0.176783 0.102788 0.059095
0 0.476401 0.189303 0.056980 0.050080
0 0.542878 0.153245 0.058097 0.056090
0 0.564665 0.053586 0.086029 0.071114
0 0.645107 0.063101 0.083794 0.068109
0 0.773065 0.574009 0.074755 0.067016
0 0.705039 0.800481 0.109044 0.107372